1 6 0 28
0 2 0 27
2 0 7 0
0 5 0 26
5 2 0 25
7 0 6 1
5 0 9 24
8 0 9 2
5 2 5 25
5 1 2 3
0 5 3 26
8 1 5 4
0 2 4 27
4 2 9 5
0 7 6 28
5 2 6 6
2 7 4 29
6 2 7 7
1 5 2 30
8 2 3 8
2 5 6 31
0 3 7 9
1 6 3 32
4 6 7 33
3 3 1 10
4 7 3 34
4 7 0 34
0 4 9 11
4 6 0 33
1 6 7 32
1 4 1 12
3 4 4 13
4 6 3 33
5 4 5 14
4 7 7 34
4 7 0 34
4 6 0 33
1 6 0 32
2 5 0 31
1 5 6 30
3 5 7 16
2 5 2 31
2 1 3 32
4 5 6 17
5 5 8 18
1 6 3 33
6 5 9 19
4 6 7 34
4 7 3 35
7 5 1 20
4 7 0 35
8 5 4 21
1 6 0 33
2 1 7 32
1 6 8 22
2 6 3 23
1 6 7 33
4 6 3 34
8 6 6 24
4 7 7 35
0 7 5 25
4 7 0 35
4 6 0 34
4 7 4 26
1 6 0 33
2 1 0 32
6 7 8 27
2 5 0 31
5 8 1 28
1 5 0 30
2 7 0 29
6 8 5 29
0 7 0 28
0 2 6 27
2 0 1 28
2 2 4 29
0 7 4 30
8 2 1 31
6 7 1 32
8 7 5 33
6 0 5 34
8 0 6 35
8 6 7 36
4 6 3 37
2 1 2 38
1 5 2 39
2 5 6 40
1 6 6 41
6 6 2 42
6 6 0 42
1 6 0 41
2 5 0 40
1 5 0 39
2 1 0 38
4 6 0 37
8 6 0 36
8 0 7 35
7 0 6 36
8 6 6 37
1 5 6 38
2 5 2 39
2 7 6 40
1 0 2 41
3 0 3 42
2 1 7 43
3 1 2 44
3 2 7 45
3 2 0 45
3 1 0 44
2 1 0 43
3 0 0 42
1 0 3 41
3 0 2 42
2 1 7 43
3 1 3 44
3 2 7 45
3 2 0 45
3 1 0 44
2 1 0 43
3 0 0 42
1 0 0 41
2 7 0 40
2 5 0 39
1 5 0 38
8 6 0 37
7 0 0 36
8 0 0 35
6 0 0 34
8 7 0 33
6 7 0 32
8 2 7 31
6 1 9 32
1 2 9 33
6 2 1 34
6 7 5 35
7 0 6 36
8 0 5 37
8 6 6 38
1 5 6 39
2 5 2 40
2 7 6 41
8 7 1 42
6 0 2 43
1 1 2 44
3 2 2 45
7 2 3 46
4 6 7 47
1 0 7 48
3 0 3 49
3 0 0 49
1 0 0 48
4 6 0 47
7 2 0 46
3 2 0 45
1 1 0 44
6 0 3 43
3 2 3 44
1 0 2 45
3 0 7 46
3 0 0 46
1 0 0 45
3 2 0 44
6 0 0 43
8 7 0 42
2 7 0 41
2 5 0 40
1 5 0 39
8 6 0 38
8 0 0 37
7 0 0 36
6 7 0 35
6 2 0 34
1 2 0 33
6 1 0 32
8 2 0 31
0 7 0 30
2 2 0 29
2 0 0 28
0 2 0 27
0 5 6 26
0 2 3 27
2 0 1 28
2 2 4 29
0 7 4 30
2 7 6 31
2 1 2 32
1 5 2 33
2 5 3 34
1 6 3 35
4 6 7 36
4 7 3 37
4 7 0 37
4 6 0 36
1 6 0 35
2 5 0 34
1 5 0 33
2 1 7 32
1 5 3 33
2 5 2 34
1 6 7 35
4 6 3 36
4 7 7 37
4 7 0 37
4 6 0 36
1 6 0 35
2 5 0 34
1 5 0 33
2 1 0 32
2 7 0 31
0 7 0 30
2 2 0 29
2 0 0 28
0 2 4 27
1 6 6 28
0 7 3 29
4 6 3 30
2 7 4 31
4 7 7 32
4 7 0 32
2 7 0 31
4 6 0 30
0 7 0 29
1 6 0 28
0 2 0 27
0 5 0 26
5 2 0 25
5 0 0 24
5 1 9 23
5 0 1 24
5 2 5 25
0 5 3 26
0 2 4 27
0 7 6 28
2 7 4 29
1 5 2 30
2 5 6 31
1 1 3 32
1 6 7 33
4 6 3 34
4 7 7 35
4 7 0 35
4 6 0 34
1 6 0 33
1 1 7 32
1 6 3 33
4 6 7 34
4 7 3 35
4 7 0 35
4 6 0 34
1 6 0 33
1 1 0 32
2 5 0 31
1 5 6 30
2 5 2 31
1 6 3 32
4 6 7 33
4 7 3 34
4 7 0 34
4 6 0 33
1 6 7 32
4 6 3 33
4 7 7 34
4 7 0 34
4 6 0 33
1 6 0 32
2 5 0 31
1 5 0 30
2 7 0 29
0 7 0 28
0 2 6 27
2 1 1 28
2 2 4 29
0 7 4 30
6 1 2 31
7 6 2 32
1 1 3 33
3 1 7 34
2 0 2 35
3 0 3 36
3 0 0 36
2 0 0 35
3 1 0 34
1 1 7 33
3 1 3 34
2 0 2 35
3 0 7 36
3 0 0 36
2 0 0 35
3 1 0 34
1 1 0 33
7 6 0 32
6 1 3 31
1 1 2 32
3 1 7 33
2 0 3 34
3 0 2 35
3 2 3 36
3 2 0 36
3 0 0 35
2 0 0 34
3 1 0 33
1 1 7 32
3 1 2 33
2 0 2 34
1 5 2 35
2 5 6 36
1 6 6 37
1 0 3 38
3 0 7 39
6 0 9 40
7 0 6 41
8 0 5 42
1 2 9 43
3 2 3 44
3 2 0 44
1 2 0 43
8 0 0 42
7 0 0 41
6 0 0 40
3 0 0 39
1 0 9 38
3 0 3 39
6 0 5 40
7 0 6 41
8 0 7 42
1 2 3 43
3 2 7 44
3 2 0 44
1 2 0 43
8 0 0 42
7 0 0 41
6 0 0 40
3 0 0 39
1 0 0 38
1 6 0 37
2 5 0 36
1 5 0 35
2 0 3 34
3 0 7 35
3 2 3 36
3 2 0 36
3 0 0 35
2 0 0 34
3 1 0 33
1 1 0 32
6 1 0 31
0 7 0 30
2 2 0 29
2 1 0 28
0 2 0 27
0 5 6 26
0 2 3 27
2 1 1 28
2 2 4 29
0 7 4 30
1 1 2 31
3 0 3 32
3 1 7 33
3 1 0 33
3 0 0 32
1 1 7 31
2 0 2 32
1 5 2 33
2 5 3 34
1 6 3 35
4 6 7 36
2 7 6 37
4 7 3 38
4 7 0 38
2 7 0 37
4 6 0 36
1 6 0 35
2 5 0 34
1 5 0 33
2 0 6 32
1 5 3 33
2 5 2 34
1 6 6 35
1 0 2 36
6 0 9 37
8 0 5 38
3 0 3 39
7 0 7 40
3 1 2 41
6 1 3 42
1 2 9 43
3 2 7 44
3 2 0 44
1 2 0 43
6 1 0 42
3 1 0 41
7 0 0 40
3 0 0 39
8 0 0 38
6 0 0 37
1 0 9 36
1 2 2 37
3 2 7 38
6 2 9 39
7 2 6 40
8 2 1 41
2 7 3 42
4 6 3 43
4 6 0 43
2 7 0 42
8 2 0 41
7 2 0 40
6 2 0 39
3 2 0 38
1 2 0 37
1 0 0 36
1 6 0 35
2 5 0 34
1 5 0 33
2 0 0 32
1 1 0 31
0 7 0 30
2 2 0 29
2 1 0 28
0 2 4 27
1 6 6 28
0 7 3 29
4 6 3 30
2 7 4 31
4 7 7 32
4 7 0 32
2 7 0 31
4 6 0 30
0 7 0 29
1 6 0 28
0 2 0 27
0 5 0 26
5 2 0 25
5 0 5 24
5 2 1 25
0 5 3 26
0 2 4 27
0 7 6 28
2 7 4 29
1 5 2 30
2 5 6 31
1 1 3 32
1 6 7 33
4 6 3 34
4 7 7 35
4 7 0 35
4 6 0 34
1 6 0 33
1 1 7 32
1 6 3 33
4 6 7 34
4 7 3 35
4 7 0 35
4 6 0 34
1 6 0 33
1 1 0 32
2 5 0 31
1 5 6 30
2 5 2 31
1 6 3 32
4 6 7 33
4 7 3 34
4 7 0 34
4 6 0 33
1 6 7 32
4 6 3 33
4 7 7 34
4 7 0 34
4 6 0 33
1 6 0 32
2 5 0 31
1 5 0 30
2 7 0 29
0 7 0 28
0 2 6 27
2 2 4 28
0 7 4 29
8 2 5 30
7 0 6 31
8 0 7 32
7 2 3 33
1 5 6 34
2 5 2 35
1 6 3 36
4 6 7 37
6 6 5 38
7 6 2 39
8 6 6 40
2 7 6 41
4 7 3 42
4 7 0 42
2 7 0 41
8 6 0 40
7 6 0 39
6 6 0 38
4 6 0 37
1 6 0 36
2 5 0 35
1 5 0 34
7 2 0 33
8 0 0 32
7 0 0 31
8 2 7 30
6 0 9 31
1 2 9 32
6 2 5 33
2 0 1 34
8 0 6 35
6 1 1 36
6 6 2 37
8 6 5 38
6 7 3 39
4 6 3 40
4 7 7 41
4 7 0 41
4 6 0 40
6 7 0 39
8 6 0 38
6 6 0 37
6 1 0 36
8 0 0 35
2 0 0 34
6 2 0 33
1 2 0 32
6 0 0 31
8 2 0 30
0 7 0 29
2 2 0 28
0 2 0 27
0 5 6 26
0 2 3 27
2 2 4 28
0 7 4 29
1 1 2 30
1 5 3 31
2 5 2 32
2 1 1 33
3 0 3 34
3 1 7 35
3 1 0 35
3 0 0 34
2 1 7 33
2 0 1 34
3 1 3 35
6 1 1 36
1 6 7 37
4 6 3 38
1 0 9 39
3 0 2 40
6 0 3 41
7 0 6 42
8 0 7 43
1 2 6 44
3 2 7 45
3 2 0 45
1 2 0 44
8 0 0 43
7 0 0 42
6 0 0 41
3 0 0 40
1 0 0 39
4 6 0 38
1 6 0 37
6 1 0 36
3 1 0 35
2 0 0 34
2 1 0 33
2 5 0 32
1 5 0 31
1 1 7 30
2 1 1 31
2 0 2 32
1 5 2 33
2 5 3 34
1 6 3 35
4 6 7 36
2 7 6 37
4 7 3 38
4 7 0 38
2 7 0 37
4 6 0 36
1 6 0 35
2 5 0 34
1 5 0 33
2 0 6 32
1 5 3 33
2 5 2 34
1 6 6 35
1 0 2 36
3 0 3 37
6 0 9 38
7 0 7 39
8 0 1 40
3 1 2 41
6 1 3 42
1 2 9 43
3 2 7 44
3 2 0 44
1 2 0 43
6 1 0 42
3 1 0 41
8 0 0 40
7 0 0 39
6 0 0 38
3 0 0 37
1 0 9 36
7 0 7 37
8 0 1 38
1 2 2 39
3 2 7 40
6 2 9 41
7 2 6 42
8 2 5 43
4 6 3 44
4 6 0 44
8 2 0 43
7 2 0 42
6 2 0 41
3 2 0 40
1 2 0 39
8 0 0 38
7 0 0 37
1 0 0 36
1 6 0 35
2 5 0 34
1 5 0 33
2 0 0 32
2 1 2 31
2 0 1 32
3 1 3 33
6 1 1 34
1 5 2 35
2 5 3 36
1 6 3 37
1 0 9 38
3 0 2 39
6 0 3 40
7 0 7 41
8 0 6 42
1 2 6 43
3 2 7 44
3 2 0 44
1 2 0 43
8 0 0 42
7 0 0 41
6 0 0 40
3 0 0 39
1 0 0 38
1 6 0 37
2 5 0 36
1 5 0 35
6 1 0 34
3 1 0 33
2 0 0 32
2 1 0 31
1 1 0 30
0 7 0 29
2 2 0 28
0 2 4 27
1 6 6 28
0 7 3 29
4 6 3 30
2 7 4 31
4 7 7 32
4 7 0 32
2 7 0 31
4 6 0 30
0 7 0 29
1 6 0 28
0 2 0 27
0 5 0 26
5 2 0 25
5 0 0 24
5 1 0 23
0 1 0 22
2 4 0 21
1 4 0 20
0 0 0 19
0 4 0 18
4 5 0 17
3 5 0 16
4 1 0 15
3 4 8 14
0 4 6 15
1 4 9 16
2 4 1 17
0 5 3 18
0 0 8 19
1 5 2 20
2 5 8 21
0 7 4 22
2 2 4 23
0 1 5 24
0 2 9 25
5 1 1 26
5 0 9 27
6 1 9 28
5 2 5 29
3 5 5 30
4 5 6 31
4 1 3 32
2 8 7 33
3 8 3 34
1 1 6 35
2 0 3 36
2 1 2 37
3 1 7 38
1 6 3 39
2 7 6 40
1 0 1 41
1 2 7 42
3 0 2 43
6 0 5 44
3 2 6 45
8 2 1 46
6 2 3 47
7 2 2 48
6 6 2 49
6 7 1 50
7 7 3 51
7 0 6 52
8 0 7 53
4 6 5 54
7 6 7 55
8 6 6 56
4 7 7 57
8 7 5 58
