037000020000905000500200400000830007040006001060000003000021000001000000000050600
078900300000450080003000210001020000000000030000800049000600000400000700000080020
070900300000450080003000010001020000800070500000000009200640000400000000000080420
200800030000971000100060000000050100500006070080700600009010000806000040000002000
060501000000000200300060070009008700801000000200100000000004030002000009000706008
037000020000905000009000400090830007040006001060000003000021000000000300800050600
060500000010000200300060070009038700001900005200000000005004000002000009000706008
060500000010000200300060570009008700001900005200000000005004000002000609000700008
200800030000971000100060000000050100500000070080700600009010000806000040000002009
200000031000970000100060000000050100500006070080700600009010800806000040000002000
037000000080905000000000400090830007000006051000000003000021000021000000800050600
200800030000971000100060000000300100500000270080700600009010000806000040000002000
200800030000971000190060000000050100500000070080700600009010000806000040000002000
060500000010000200300060070009038700001900005200000000085000000002000009000706008
060500000010000200300060070009008700001900005200000000685004000002000009000700008
078900300000450080003000210001020000000070500000000049200600000400000000000080020
060500000010000200300060070009008700801900005200000000605000000002000609000700008
060500000010000200300060070009008700001900005200000000005004030002000009000706008
078900300010400080003700010001020000000070500000000049200600000400000000000080020
060501000010000200000000570009038000001900000200000000005004030002000009000706008
000900034000000000086002000000000001058600002900040000400000300001800060000071900
300000070000010000000200600001000000070000040508003009020048000806300500900050010
070900300000450080003000010001520000800070500000000049200600000400000000000080020
060500000010000206300060070009008700001900005200000000085000000002000009000706008
050007000007020006800000050008000030010900000900104000040090100000310000060000507
060500000010000200300060070009008700801900005200000000005004000002000609000700008
060501000000000200300400070059008700001000000200100000680004030002000009000000008
200000031000971000000060000000300100500000070980700600009010800806000040000002000
060500000010000200300060070009008700801900005200100000000004030002000009000006008
037000000000905000000200400090830007000000051060000903000001000021600000000050600
090600000000301800020000053600000209780009300000004000100070000000000040006040002
200800030000971000100060000000050100500000070080700600009010000806000040000602000
037000020004905000009000400090830007040006001000000003000021000000000300800050600
000800200006000000000000510010000045040280000000000007092004071007001000005900000
060500000010000206300000070009030700800900005200100000005004000002000009000706008
078900300010400080003000210301020000000000000000800049000600000400000700000080020
070900000000450080003000210001020000800070000020000049000600000400000700000080420
078900300000450980003000010001020000000070500000000049200600000400000000000080020
060500000010000200300060070009008700001900005200000000085000030002000009000706008
200000031000970000100060000000350000500000270080700600000010800806000040000002009
005000010082000000100940700040100000050003280700000000000007000000000560001086002
070900300000450080003000010001020000800070530000000049200600000400000000000080020
060501000000000200300060070009008700801900000200100000000004030002000009000006008
060500000010000200300060070059030700000900005200100000005004000002000609000700008
200000030000971000190060000000300100500000070080700600009010800806000040000002000
050007000000020006800000050008000030000970000900180070040090100000310000060000507
200000031000971000090060000000050100500000070080700600009010800806000040000002000
037000000000900000009200400000830007042006051060000003050001000001000090000050600
078900300000450980003000010001020000000070500000000049000600000400000700000080020
250007000000020006800000050008000030000900000900180070040090100000310000060000507
060501000000000200300000070009038000801900005200000000005000030002000009000706008
060500000010000200300060070009008700000900005200100000085000030002000009000706008
037000000080905000000000400090830007000006051000000000000021004021000300000050600
005000010082000000100940700040100000050003280700000006000207000000000500001006002
060501000000000200300060070059008700001000000200100000005004000002000009000706008
005000010080000000030940700040100000050003280700000006000207000000000500001086002
037000000000900000000200400090830007042006051060000003050001000001000090000050600
060500000010000200300060070009038700000900005200100000005004030002000009000006008
060500000010000200300060070009008700001900005200000000085000000002000609000706008
060001000010000200000000570009038700001900000200070000005004000002000009000706008
060000000010000200300060070009008700000900005200100000085004030002000609000700008
060500000010000200300060070009030700800900005200100000005004000002000009000706008
030000000004905000009000400090830007000006051000000000000001004020000390800050600
090680000000301800020090050600000209780009300000004000100070000000000040006000002
037000020000905000500000400000830007040006001060000003000021000001600000800050600
070900300000450080003000210001020000800000030000800049000600000400000700000080020
037000000080905000000000400090830007002006051000000003000021000021000000000050600
037000000000900000500200400000830007042006051060000003000001700001000090000050600
060500000010000200300060070009008700801900005200100000005000000002000009000706008
070900300000450080003000010001020000800070500000800049200600000400000000000080020
060500000010000200300060070009030700800900005200100000005004000002000609000700008
000000090760009000500730000000000847004000000005210000000003901400000080002006050
460000050000001090000007300207030000900400000300080502000000003000103000050000040
070900300000450080003000210001020000800070000000000049200600000400000700000080020
040060095700009000000730004006000807000000000005210000000003900400000080002006050
037000000000905000000200400090830007000006051060000903000001000021000000000050600
060500000010000200300060070009008700801900005200000000005000030002000009000706008
037000020000905000500000400000830007040006001060000003000021000001000300000050600
000800200006000080004000500010000045700280000000000007092004071000001000005900000
078900000010400080003700010001020000000070500000000049200600000400000000000080420
060501000000000200300000570009038000001900000200000000005000030002000609000706008
200000031000971000100060000000300100500000070080700600009010800806000040000002000
078900300000450080003000210301020000000000000000800049000600000400000700000080020
037000000080905000000200400090830007002006051000000003000001000021000000000050600
060500000010000200300060070009038700801900005200000000005000000002000009000706008
060500000010000206300000070009030700801900005200100000005000000002000009000706008
060500000010000200300060070009008700000900005200100000005004030002000609000006008
060501000000000200300400070009008700001000000200105000085004030002000009000000008
037000000000905000009200400090830007002006051000000003000001000021000000000050600
060500000010000200300060070009008700000900005200100000005004030002000609000700008
200000031000970000100060000000300104500000070080700600009010800806000040000002000
460000050000001090500007300007030000000400000300080502002000003000100000053200040
060501000000000200300400070009008700001000000200105000680004030002000009000000008
070900300000450080003700010001020000800070500000000049200600000400000000000080020
000800200006000000084000500010000045000280000000000007002004071030001000065900000
060500000010000200300060570009008700001900005200000000605000000002000609000700008
200800030000971000100060000000350100500000070080700600009010000806000040000002000
200000031000970000100060000000300100500000270080700600009010800806000040000002000
060500000010000200300060070009030700800900005200100000005000030002000009000706008
037000000000900000000200400090830007042006051060000003000001700001000090000050600
200800030000971000100060000000300100500000270080700600009000000806000040000602000
050007000000020006800000050008000030010900000900104070040090100000310000060000507
060500000010000200300060070009038700000900005200100000005004000002000609000700008
070900300010450080003000210001020000800070000000000049000600000400000700000080020
200000031000970000100060000000300100500000070080700600009010800806000040000002009
070900300000450080003000010001020000800070500000000049200600000400000000000080420
200000030000971000100060000000300100500000270080700600009010800806000040000002000
060500000010000200300060070009008700800900005200100000005004000002000009000706008
037000000080905000000000400090830007002006051000000000000001004021000300000050600
060500000010000200300060570009008700000900005200100000005004000002000609000700008
060501000000000200300400070009008700001000000200100000680004030002000609000000008
070900000000450080003000210001020000800070030000000049000600000400000700000080420
070900300000450080003000210001520000800070000000000049200600000400000000000080020
078900300000450080003000210001020000800070000000000049200600000400000000000080020
005000010080000000030940700040100000050003280700000006000007000000000560001086002
037000020080905000500000400090830007040006001000000003000001000001000090800050600
030000000004905000009000400090830007000006051000000003000001000020000390800050600
037000000080905000000000400090830007002006051000000003000001004021000000000050600
000800290000000000084000500000000045000280000000010007002004071030001000065900000
037000020000905000500000400000830007040006001060000003000021000021000000800050600
037000000000900000500200400000830007042006001060000003050001700001000090000050600
008039000000000500000020709500400080000000900006007000000060000804702003000500010
060500000010000200300060070009008700800900005200100000005000030002000009000706008
005000010082000000030940700040100000050003280700000006000207000000000500001006002
078900300000450080003000210001020000000070500000000049000600000400000700000080020
070900000000450080003700210301020000800000000000000049000600000400000700000080420
060500000010000200300060070009038700001900005200000000005004000002000609000700008
070900300000450080003000010001020000800070500000000049200600000406000000000080020
060500000010000200300060070009008700001900005200000000085004000002000609000700008
060500000010000200300060070009008700001900005200100000005004030002000009000006008
060500000010000200300060070009030700801900005200100000005000000002000009000706008
040500000000019005000806000980000000070020060000008320130060004000200000500000000
060500000010000200300060070009008700001900005200000000605000030002000609000700008
060500000010000200300060070059008700000900005200100000005004000002000609000700008
200000030000971000100060000000050100500000070080700600009010800806000040000002009
078900300000450080003000010001020000000070530000000049200600000400000000000080020
037000020000905000500000400000830007040006001060000003000021000021000300000050600
037000000000900000500200400000830007042006051060000003050001000001000090000050600
070900000000450080003000210001020000800070000000000049200600000400000700000080420
000004000010009070000800002040000003050170080100060000203000004008030150000000000
007000020080905000000000400090830007040000001060000003000021004000600390800050000
090680000000301800020000050600000209782000300000004000100070000000000040006040002
500000240000000050900063000000204010070090600004300000001000800600900705000050000
037000020000905000500200400000830007040006001060000003000021000001000000800050600
060500000010000200300060070009008700000900005200100000005004030002000009000706008
070900300010400080003700010001020000800070500000000049200600000400000000000080020
037000020000905000000200400090830007040006001060000003000021000001000000000050600
070900300000450080003000210001020000800070000020000049000600000400000700000080020
037000020000905000009000400090830007040006001060000003000021000000000390000050600
040060005700009000500030100000000847000000000005210000000000901030000080012800000
040000090760009000000730000006000847000000000005210000000003901400000080002006050
078900300010400080003000010001020000000070500000800049200600000400000000000080020
070900000000450080003700210001020000800000030000000049000600000400000700000080420
200000030000971000190060000000050100500000070080700600009010800806000040000002000
060501000000000200300060070009008700001000000200100000680004030002000009000006008
040000095700009000000730000006000847000000000005210000000003900400000080012006050
060501000000000200000060570009008700001000000200100000085004000002000009000706008
037000000004900000000200400090830007000006051060000003000021000021000000000050600
000800200006000080004000500010000045000280000000000007092004071030001000005900000
460000000000001090000007300207030000900400000300080502000000003000193000050000040
037000020004905000009000400090830007040006001000000003000021000001000000800050600
050007000000020006800000050008000030000900000903180070040090100000310000060000507
060500000010000206300060070009008700000900005200100000005004000002000609000700008
037000000000905000000200400090830007002006051060000003000001000021000000000050600
200807000000020006800000050008000030000900000900084070040090100000310000060000507
040000095700009000000730000006000847004000000005210000000003901000000080002006050
060500000010000200300060070059008700001900005200000000005004000002000609000700008
004078201005000000002100089040600000601000000000000700900060008000000003000027000
060500000010000206300000070009030700800900005200100000005000030002000009000706008
060501000000000200300060070009008700801000000200100000005004000002000009000706008
200800030000971000100060000000050100500000270080700600009000000806000040000602000
037000020000905000500000400000830007040006001060000003000021000001000390000050600
040000095700009000000730000006000847000000000005210000000003900430000080000806050
200800030000971000100060000000300104500000070080700600009010000806000040000002000
200000030000971000100060000000050100500000270080700600009010800806000040000002000
200000030000971000100060000000350100500000070080700600009010800806000040000002000
708630000000000500000020009590000080000200070006000000000060000804700003000508010
040000095700009000000730000006000847000000000005210000000003901400000080002006050
000800200006000000084000500010000045700280000000000007092004071000001000005900000
005000010082000000030940700040100000050003280700000000000007000000000560001086002
070900300000450980003000010001020000800070500000000049200600000400000000000080020
070900300000450080003000210001020000800070000000800049200600000400000000000080020
200000030000971000100060000000050100500000070980700600009010800806000040000002000
000900034700080000086000000040000001008600002900100000400000300001004000060070900
040000095700009000000730004006000847000000000005210000000003900400000080002006050
050007000000020006800000050008000030000970000900104070040090100000310000060000507
800010030000000709004650000000004200006000003900008071000300002100000000700005000
030000000004905000009200400090830007000006051000000000000001004000000390800050600
070900300000450080003700210001020000800000030000000049000600000400000700000080020
037000000080905000000000400090830007002006051060000003000001000001000090000050600
060000000010000200300060570009008700800900005200100000000004030002000609000700008
200000031000970000100060000000050100500000070980700600009010800806000040000002000
200000030000971000100060000000050100500006070080700600009010800806000040000002000
070900300000450080003000210301020000800070000000000049200600000400000000000080020
037000000080905000000200400090830007000006051000000003000021000021000000000050600
037000000000900000000200400090830007042006001060000003050001700001000090000050600
078900300000450080003000010001020000000070500020000049200600000400000000000080020
060500000010000200300060070009008700000900005200100000605004000002000609000700008
040000090760009000500730000000000847000000000005210000000003901400000080002006050
200000031000971000100060000000050100500000070080700600009010800806000040000002000
250007000007020006800000050008000030000900000900180000040090100000310000060000507
070900000000450080003000210301020000800000000000800049000600000400000700000080420
200000031000970000190060000000050100500000070080700600009010800806000040000002000
050007000007020006800000050008000030000970000900100000040090100000310000060008507
070900300010400080003000210001020000800070000000800049200600000400000000000080020
060500000010000200300060070009008700800900005200100000005004000002000609000700008
070900300000450080003700210001020000800070000000000049200600000400000000000080020
060501000000000200300000070009038000001900005200000000005000030002000609000706008
040000005701009000000730000006000847000000000005210000000003900430000080000806050
037000000080905000000200400090830007000006051000000903000001000021000000000050600
050807000000020006800000050008000030010900000900004070040090100000310000060000507
037000020000905000000000400090830007040006001060000003000021000001000300000050600
060500000010000200300060070009008700001900005200000000680004030002000009000700008
040000090760009000000730000006000847004000000005210000000003901000000080002006050
060500000010000200300060070009008700001900005200100000005004000002000009000706008
060000000010000200300060570009030700800900005200100000000004030002000609000700008
200000031000970000100060000000050100500000070080700600009010800806000040000002009
060500000010000206300060070009008700001900005200000000005000000002000609000706008
020005000000000006000700058039000000000000004700602080000087200600000090005340000
037000020080905000500200400000830007040006001060000003000021000001000000000050600
000800290000000000084000500000000045000280000000010007002004071030001000065070000
070900300000450080003000210001020000800070000000000049200640000400000000000080020
060500000010000200300060070009008700001900005200100000005004030002000609000000008
037000020080905000500000400000830007040006001060000003000021000001000000800050600
200807000000020006800000050008000030000900000900180070040090100000310000060000507
070900300000450080003000010001020000800070500000000149200600000400000000000080020
060500000010000200300060070009008700801900005200000000085000000002000009000706008
037000000000905000009200400090830007000006051000000003000021000021000000000050600
007000020080905000500200400090830007040006001060000003000021000001000000000050600
060500000010000200300060070009008700001900005200000000005004030002000609000700008
078900300000450080003000010301020000000070500000000049200600000400000000000080020
060500000010000200300060070009008700000900005200100000005000030002000609000706008
037000000080905000000000400090830007000006051000000003000001000021000090800050600
000004030010009000005800002040900003050070080000060000203000004008030150000000000
037000000080905000000200400090830007000006051000000900000001004021000000000050600
090680000000301800020000050600000209780009300000004000100070000000000040006040002
037000020000905000500200400000830007040006001060000003000021000001000090000050600
200000031000970000100060000000050100500000270080700600009010800806000040000002000
090600000000301800000090050600000209780109300010000000100070000000006040000040002
500700240000000050900063000000204010070090600004000000001000800600900705000050000
008039000000000500000020709500406080000000900006007000000060000804700003000500010
200000031000970000100060000000350100500000070080700600009010800806000040000002000
070900300000450080003000010001020000800070500020000049200600000400000000000080020
000800200006000000084000500010000045700280000000000007002004071030001000005900000
037000020000905000500000400000830007040006001060000003000021000001000300800050600
060501000000000200000060570009008700801000000200100000000004030002000009000706008
095080000000006001000020070006400200071300006000001900000000000008500400100000008
037000020000905000500000400000830007040006001060000003000021000001600300000050600
060500000010000200300060070009008700001900005200100000005004000002000609000700008
200000030000971000100060000000300104500000070080700600009010800806000040000002000
200000031000970000190060000000300100500000070080700600009010800806000040000002000
200000030000971000100060000000300100500000070080700600009010800806000040000002000
060500000010000206300060070009008700001900005200000000605000000002000609000700008
090600000000301800020090050600000209780009300000004000100070000000000040006040002
000900034000000000086002000040000001008600002900100600400050300001004000000070900
030000000004905000009000400090830007040000051000000003000001000021600090800050600
200000030000971000100060000000300100500000070080700600009010800806000040000002009
800040016700002500041008007000100000007000004000700200000300000004000060590000001
380000000000900003000206100502000070008090000000003009000801000005000700401000500
070900300000450080003000210001020000800070030000000049200600000400000000000080020
070900000000450080003000210001020000800070030000000049200600000400000000000080420
060500000010000200300060070009008700001900005200000000005000030002000609000706008
070900300000450080003000210001020000800070500000000049000600000400000700000080020
070900300010400080003000010001020000800070500000800049200600000400000000000080020
037000020000905000509200400000830007040006001060000003000021000001000000000050600
037000000000905000000000400090830007002006051060000003000021000001000090000050600
037000020000905000500000400000830007040006001060000003000021000001000090800050600
037000000004900000000200400090830007000006051060000003000021000001000090000050600
060501000000000200300060070009008700001000000200100000085004000002000009000706008
050007000007020006800000050008000030000970000900180000040090100000310000060000507
070900300000450080003000210001020000800070500000000049200600000400000000000080020
070900300000450980003000010001020000800070500000000049000600000406000000000080020
200000031000970000100060000000050104500000070080700600009010800806000040000002000
060500000010000200300060070009008700001900005200000000085004000002000009000706008
060500000010000200300060070009008700801900005200000000005004000002000009000706008
200800030000971000100060000000050104500000070080700600009000000806000040000602000
037000020080905000500000400000830007040006001060000003000021000001000300000050600
037000020000905000500200400000830007040006001060000003000021000001600000000050600
060500000010000206300060070009008700000900005200100000005004030002000009000006008
200000030000971000000060000000300100000000270980700600000010800806000040050002000
000800200006000000004000510010000045000280000000000007092004071030001000005900000
037000000004900000000200400090830007000006051060000903000001000021000090000050600
030000000004905000009000400090830007040000051000000003050001000001600090800050600
060500000010000206300060070009008700001900005200000000005004000002000609000700008
070900300000450980003000010001020000800070500000000049000600000400000700000080020
200000031000970000100060000000350000500000070080700600009000800806000040000602009
078900300010450080003000010001020000000070500000000049200600000400000000000080020
250007000007020000800000050008000030000900000900084000040090100000310060060000507
060500000010000206300060070009008700801900005200000000005000000002000009000706008
060500000010000200300060070009008700001900005200100000005000000002000609000706008
037000000000905000000000400090830007000000051060000003000021000020600390000050600
037000000080905000000000400090830007000006051000000003000021000021000300000050600
200000031000970000100060000000300100500000070980700600009010800806000040000002000
000004000010009070000800002040900003050070080100060000203000004008030150000000000
037000000000905000000200400090830007002006051060000003000001000001000090000050600
070900300010450080003000010001020000800070500000000049200600000400000000000080020
200000031000970000100060000000300100500006070080700600009010800806000040000002000
037000020000905000500200400000830007040006001060000003000021000021000000000050600
078900300000450080003000010001020000800070500000000049200600000400000000000080020
005600010002000000030948000040100000050003280700000000000007000000000560091006002
078900000000450080003000210001020000000070500000000049200600000400000000000080420
050007000007020006800000050008000030000970000900104000040090100000310000060000507
037000020000905000509000400000830007040006001060000003000021000001000300000050600
050007000000020006800000050008000030000970000900100070040090100000310000060008507
078900300000450080003000010001020000000070500000000149200600000400000000000080020
070900000000450080003000210301020000800070000000000049000600000400000700000080420
060500000010000200300060070009008700001900005200000000005004000002000609000706008
060500000010000200300060070009008700000900005200100000005004000002000609000706008
090600000000301800020090053600000209780009300000004000100070000000000040006000002
060500000010000206300060070009008700001900005200000000005004000002000009000706008
005000010082000000030940700040100000050003280700000006000007000000000560001006002
060501000000000200300060070009008700001000000200100000605004000002000009000706008
070900300000450080003000210001020000800070000000000149200600000400000000000080020
037000000000900000009200400000830007042006001060000003050001700001000090000050600
037000000000905000009200400090830007000006051000000903000001000021000000000050600
078900000000450080003000210001020000000000030000800049000600000400000700000080420
070900300000450080003000210301020000800000000000800049000600000400000700000080020
070900300000450080003000210001020000800070030000000049000600000400000700000080020
070900300000450080003000010001020000800070500000000049200640000400000000000080020
060500000010000200300060070009008700801900005200000000005000000002000609000706008
037000000000905000000200400090830007000006051060000003000021000021000000000050600
200000030000971000100060000000050104500000070080700600009010800806000040000002000
070900300000450080003000210301020000800070000000000049000600000400000700000080020
030000000004900000009200400090830007000006051060000003000001000021000090800050600
060500000010000200300060070009008700000900005200100000085004000002000009000706008
060501000000000200300000071009038000001900000200000000005000030002000609000706008
037000020000905000509000400000830007040006001060000003000021000001000000800050600
070900300000450080003700210301020000800000000000000049000600000400000700000080020
200000030000971000100060000000300100500006070080700600009010800806000040000002000
037000000004900000000200400090830007000006051060000003000001000021000090800050600
078900300000450080003000010001020000000070500000800049200600000400000000000080020
200807000000020006800000050008000030000970000900004070040090100000310000060000507
000800200006000000084000500010000045000280000000000007092004071030001000005900000
060500000010000200300060070009008700000900005200100000085004030002000009000006008
070900300000450080003000010301020000800070500000000049200600000400000000000080020
060500000010000200300060070009038700001900005200000000005000000002000609000706008
060500000010000200300060070009030700801900005200100000000004030002000009000006008
060500000010000200300060070009008700001900005200000000685000000002000609000700008
200800030000971000100060000000050100500000070080700600009000000806000040000602009
070900300010450080003000010000020000800070500000000149200600000400000000000080020
200800030000971000100060000000050100500000070980700600009010000806000040000002000
050807000000020006800000050008000030000970000900004070040090100000310000060000507
200800000000020006800000050008000030000970000900084070040090100000310000060000507
460000000000001090500007300007030000000400000300080502002000003000100005053200040
200807000000020006800000050008000030010900000900004070040090100000310000060000507
070900300000450080003000010001020000800070500000000049200600000400000700000080020
037000020004905000000000400090830007040006001060000003000021000000000300800050600
000800200006000000004000510010000045700280000000000007092004071000001000005900000
070900300000450080003000210001020000800070000020000049200600000400000000000080020
200000031000971000090060000000300100500000070080700600009010800806000040000002000
060500000010000200300060070009038700001900005200000000605000000002000609000700008
060501000000000200300060070009008700001000000200100000085004030002000009000006008
070900000010450080003000210001020000800070000000000049000600000400000700000080420
060500000010000200300060070009008700000900005200100000085004000002000609000700008
070900000000450080003000210001020000800070500000000049200600000400000000000080420
037000000000905000000200400090830007002000051060000003000001000021600000000050600
040000005760009000500730100000000847000000000005210000000000901430000080000006000
060500000010000200300060070009008700001900005200100000085000000002000009000706008
005600010002000000100940700040100000050003280700000000000007000000000560091080002
005000010082000000100940700040100000050003280700000006000007000000000560001006002
060500000010000200300060070009008700800900005200100000005004030002000009000006008
037000000080905000000000400090830007000006051000000003000021700021000000000050600
060500000010000200300060070009008700001900005200000000605004000002000609000700008
200000030000971000100060000000300100500000070980700600009010800806000040000002000
060500000010000200300060070009038000000900005200100000005004030002000009000706008
037000020000905000500200400000830007040006001060000003000021000001000300000050600
037000020004905000000000400090830007040006001060000003000021000000000390000050600
060501000000000200000060570009008700001000000200100000605004000002000009000706008
070900300010450080003000210001020000800070000000000049200600000400000000000080020
070900000000450080003000210001020000800000030000800049000600000400000700000080420
060501000000000200300000071009038000801900000200000000005000030002000009000706008
000600703000000480907000000100000090060000000500090300000007026054320000000100000
037000000000905000000000400090830007002000051060000003000021000001600090000050600
000900034000000000086002000000000001058600002900040600400000300001800000000071900
060001000000000200000060570009008700801000000200170000000004030002000009000706008
070900300000450080003000210001020000800070000000000049200600000400000000000080420
037000020080905000500000400090830007040006001000000003000021000001000000800050600
970400010050000300406700000005001000201000000000690000000000603000005070000003200
300000070000010300000200600001000000070000040508003009020048000806000500900050010
005000010082000000100940700048100000050003280700000000000007000000000560001006002
060501000000000200000060570009008700801000000200100000005004000002000009000706008
060500000010000200300060070009008700001900005200100000605000000002000609000700008
050007000000020006800000050008000030010900000900104000040090100000310060060000507
070900300000450980003000210001020000800070000000000049200600000400000000000080020
200800030000971000100060000000050104500000070080700600009010000806000040000002000
005000010082000000030940700000100000050003280700000000000007000000000560091580002
200000031000971000000060000000050100500000070980700600009010800806000040000002000
060500000010000200300060070059008700001900005200000000605000000002000609000700008
200800030000971000100060000000050100500000270080700600009010000806000040000002000
060501000000000200300060070059008700001000000200100000680004030002000009000000008
040000095700009000000730000006000847004000000005210000000003900000000080012006050
000900034700080000086000000040000001008600002900100000400000300501004000000070900
060501000000000200300060070059008700001000000200070000680004030002000009000000008
060501000000000200300400070009008700001000000200100000085004030002000609000000008
005600010002000000030948000040100000050003280700000000000007000000000560091080002
