070900300000450080003000010001020000800070500000000049200600000400000000000080020
200000030000971000100060000000050100500000070080700600009010800806000040000002000
200000031000970000100060000000050100500000070080700600009010800806000040000002000
037000020000905000500000400000830007040006001060000003000021000001000000800050600
060500000010000200300060070009008700001900005200000000605000000002000609000700008
200000030000971000100060000000300100500000070080700600009010800806000040000002000
070900300000450080003000210001020000800070000000000049200600000400000000000080020
060500000010000200300060070009008700001900005200000000005000000002000609000706008
200000031000970000100060000000300100500000070080700600009010800806000040000002000
037000020000905000500200400000830007040006001060000003000021000001000000000050600
200800030000971000100060000000050100500000070080700600009010000806000040000002000
060500000010000200300060070009008700001900005200000000005004000002000009000706008
060500000010000200300060070009008700001900005200000000085000000002000009000706008
037000020000905000500000400000830007040006001060000003000021000001000300000050600
060500000010000200300060070009008700000900005200100000005004000002000609000700008
060500000010000200300060070009008700001900005200000000005004000002000609000700008
060500000010000200300060070009008700801900005200000000005000000002000009000706008
060500000010000200300060070009008700000900005200100000005004030002000009000006008
